[[[0.40784314 0.40784314 0.40784314]
  [0.40784314 0.40784314 0.40784314]
  [0.40784314 0.40784314 0.40784314]
  ...
  [0.42745098 0.42745098 0.42745098]
  [0.42745098 0.42745098 0.42745098]
  [0.42745098 0.42745098 0.42745098]]

 [[0.4117647  0.4117647  0.4117647 ]
  [0.4117647  0.4117647  0.4117647 ]
  [0.4117647  0.4117647  0.4117647 ]
  ...
  [0.42745098 0.42745098 0.42745098]
  [0.42745098 0.42745098 0.42745098]
  [0.42745098 0.42745098 0.42745098]]

 [[0.41960785 0.41960785 0.41960785]
  [0.41568628 0.41568628 0.41568628]
  [0.41568628 0.41568628 0.41568628]
  ...
  [0.43137255 0.43137255 0.43137255]
  [0.43137255 0.43137255 0.43137255]
  [0.43137255 0.43137255 0.43137255]]

 ...

 [[0.4392157  0.4392157  0.4392157 ]
  [0.43529412 0.43529412 0.43529412]
  [0.43137255 0.43137255 0.43137255]
  ...
  [0.45490196 0.45490196 0.45490196]
  [0.4509804  0.4509804  0.4509804 ]
  [0.4509804  0.4509804  0.4509804 ]]

 [[0.44313726 0.44313726 0.44313726]
  [0.44313726 0.44313726 0.44313726]
  [0.4392157  0.4392157  0.4392157 ]
  ...
  [0.4509804  0.4509804  0.4509804 ]
  [0.44705883 0.44705883 0.44705883]
  [0.44705883 0.44705883 0.44705883]]

 [[0.44313726 0.44313726 0.44313726]
  [0.4509804  0.4509804  0.4509804 ]
  [0.4509804  0.4509804  0.4509804 ]
  ...
  [0.44705883 0.44705883 0.44705883]
  [0.44705883 0.44705883 0.44705883]
  [0.44313726 0.44313726 0.44313726]]]
